$ANSIBLE_VAULT;1.1;AES256
62356666616463353630393832643834656230313866303033633865643966643939356634316663
3230363534636336376430386637623366376637666436310a366264323930396231303430383438
62643961613366346537343831336436643631316336363836386439656335393662316463656363
6165663732633635300a303539313137336531333366316166306464316234666231336161623934
64386664656362646334346237666261666265653139356266346334663431316231343638653363
32386136333831613131626531363162613936626163623235326236383934653034633034383861
36653130316235326462643135313361623230366139323964373463396666373562396132313731
37393162646235383832363334313762353461386338653035383936393536626562616230393365
32303736346337356666393236306664376531363262343338346264336636313731366165333838
65343064393163393139336138663063313166613534366338656262633037366432346131653933
64333166323233333539643634326237366138633734333436373936663633333839356264396664
65643132663736633365646464313830376566633333613039306638623163653239313561303636
30363836633333653432373332376635393663343231353031373530663536633430653131333439
38363137353462336565376636353935656539376130353263323636303064303439666434366438
65613465633366326139363236366536383435323235376235393731366638623262646434356339
66633065366462393232346632333863346365663136666164383538613039386239663438383130
33386333333031653063323934636231633037393538386533666438623037383036643262613038
35643035643865386261343135396564323637323633376564383431343437633462303936616435
65316262323261386135326335313033313563346365663033646334303632633838363536323232
64373130653939613333323462363532353365333539383533363233643331643636653634376164
66336137623862346236386537336161656566326133623038396638356631313636623133393365
32383363313637323064383662343564393333373163343234333039613439636664616361663763
63326662643335333966663833363430366238626534656636653963303131396539646365356633
37303266613934643864373031613634373031303265316662646564663336636531626130353131
36646162623333616636643766336130373133636139303932353439343637636539363461313432
32653130623761623239306436376130393135343035363033353531396338653665323261383037
36616536663732366264633935353836313239316137363235346363316430366562616664393634
64363461396662393931323930646436323134316238646436663365333166646335303463653833
33343161333763613030356563356632316436663564326661393834396330356338663766373130
65316333373231623030336533626232343735613636633563646562343762366139373138663633
62633731346462323937396532666332663565666163633937636132633236343838333363623739
30663835336530643165306566643238613261303066323439366462393432633238353164626430
32633837356639373638346264396430613439313035316466313237353533653337303137613463
66356532626436623631316264353636613132313730356333366636613631376233643333656638
63303038643136303731646638653931373165656533373966656137363033653262303336623730
65663464393036333034666131316633666639313736366565356430353533333432366438333237
31346532303235373263363330333162383632633062343236636162353365393930643233396637
63656439653234383330653834366132346337386531396136333964396263613535326339333934
36383261323563313065626636323165633361383561303261343832623733613736633139626330
66613063393137313232613535306463636236656535626333333338636362333239393864353863
66633836623761363535386666303339353533623964623031623533626662613563656163363261
36346635383663346638616263613536313763623538353833303632666334326536383338306364
34343136623365343262386234666265343065306466666435653432333032643861366261316139
31306539323662656363383539376439316466343833373261346164343361363966653233363736
38663065306464366133373530626536383137623636383332313561616235633966363564663736
64363033623761643238613439316636316262633966623239626666613930356561653564363362
62393536346330393537323939643435383239653430383137633738333961386666356632343965
62333366303962373536343163336163306461363666323364393838626538646330613633376235
31323936366565363533306333666466623432336163343134373136393062366338353639643339
31616239313464643738643232383062376261323333633466383532613730383432313937366237
61346231633162616465613832613439613637613834366339643730353535313135363835376231
66363231313334346665366336356464356431363164643534313233323832343534333862653638
30646161353530356437323932356366643537303732313139373535663563633632383736303739
65323738396238626130356131346562643838346232303365326263366330653638343035666634
61303163623466373563323335656631663535303339303538323966616331356434393833636136
63323533643565306661666636366531623264636330666362383738643131373562656139636363
34303539653232346561386236666334393263373566636332343235353038343439346531383431
65333361306537363232653832393137643262353865353130663965306430623637633239613038
63633961663266363534333763343336623830623232666535626563326261316162643130316233
30376138336234303938373164633430653533633738633564376232613666623838373338333934
64333366616232323031376131653462613635646666653261636364653033323731323466636530
65336162656633333766313965653434313534373166333236333538303863383638653662393130
31303035653266663565633764333761356536386164353338666638663433393637383365373265
63346639356664303633376165303233363963326539333930623933353661623731616434376136
36643035326138323633306537303062653030373732373735613530633535356563613666313264
62666664326262343733386538306534653239636365393563323963623037376661346362386438
38643461666138343535376664666531616430663965376338316261626163353636636637646662
36643931326539666666653031386438626232393364306236323832393037333961663038343137
30343936646638333364633239326536636332333932353737333230363465613138613466356235
38653264363739646664613038376234656234396666313962303936376232396236643832333633
33326632656633613263623832366632633461373962623131333363353032663736336231323139
66356164346537643235303538326265623636616461376462643030376365646365323937626339
61396434353238613139353533626333313361343838363839396539373564386265626238353432
62303435303436663666363632333739303636636635643965316165653836343639333335656264
37306137326530636365663764633030613765316665353332363863633036623462633238626536
32643230363733306466616138376533613865386233396362383732336562366238636362393363
34306632323965313563666638626162626662626464386438636435643837643063333037363464
66306361653838373839363661653734383035353735613238323032643766303865353230613932
63366130373365333936656134626637393138626439303939336430653863376431353439393936
63623933323736626364386637656231333661623931313863633430363031386636303065653165
65666632316461376634653133373031353861666437316662326238643439626336656337363934
35393566393964366464356162316138306636363665343632316238383364326462646437376435
38336566313832623331663038323431376563343462643831646238613631303432333962323634
63343438316334643464326538353865396361393531363433393633656237313639303739646131
66646466353736613936343032393461613834353435643031303733376539616530626264656164
38313331623930656437643733353163353136383434623763383936636163303661643436366431
31386539376562356539326361346539633238356339373761353133393932323662333263393364
65383766393437373537333633393939346335636230346132653439303533656134396236663230
34613132313631653365373362613565333231356331303565336663323264646537396161393261
65663530623563323866363938336632353063613337303539613938653437373464303263313139
37623362376362303465383661656461663639613534343137666633353333313263623231383638
36396136306132653938303234366335313761306165623338313433303762363231396634383565
62383862306134613036356534333765376539656539663931316166663763333936393661373031
31633766373762376566666564656136363663386139373962343831626563626532346439633336
38333833323566656338643538373636623239633631383330636136323336356263376261353736
38643834653562666665636664346161623633633230653165613331326462336336653663626335
35386161646661616461373535636235366665303037666664656264383234393265363037306236
31623335346433666566386262643831343365303062323134383838613436626337626139633865
30613564306332343835306439333634353161363134333061393761333533633733323530653433
65303634633831316334393937613963313261393039386631353862356365643030333736356361
33333366333135623437393638336338356133646132396337396561646534333932656637386239
34383964313230316164313235363735663333613231333131643036363562383931313636373532
38383338663764646331353432366132613036623139313661616565383137613539356330363132
35393836376666396231313733616566396637393031623863393731633132363034613833646663
62323630613361626638313430386539313863333233633531633437656131376332323636326238
35633338393535316261313430303836356638316665316337383431616661613834653465373530
30396130383939623130363764653534636132646364373537306630323135616438626262373035
63666433643032643436656366303739333662383338386634643930383731386364383236663238
64646136396636393136303365346338643232643633323163656164613235326233376432333865
66616265616161656536343734303261633262633736376136353534666262633332313930613162
61623836613130343634663462306530613436376331646162383137316232326232333632383964
66636664646539393132663136393262613233653433363362613265396563323236333666336530
34636164666530333838376666313332323961343534643835363164376334646331316365383132
37386533616463376536346636313836343161393039323661363664323561393866626364613839
65393865656166356364623764613635366362336231323565373735336538623963363233356436
39666432313233353666633236633435363633636635653432363536393236333663373031306535
31656263376266366631373930353032633530383133623763343466366464643235313364613435
32356435356137613836343662363261346166336562306664323639633761326261353836663736
37303662623630623165623736653164643562313035316136373232386663316132356439656434
61666564366230663334306633313334623933323939373461386236333038323462386262353735
62656466636465343332313235623364386266656131363764356332373739346434643638393737
65313766616437623861343466643039316130363437393739623136303463616165653039333631
64323636353336613731323430373366346361366336613232666462366635623230323639333462
37333466323131646631373365326266643361653133346364616336633866376235343335343337
39633134643834353239303438356333626163383639656339626365323462356236333465653435
65373065346261323463633732646531646433636464663861356666303734373662636466373164
37666166386336303161333831343866376230626134376538323734633965353065393930386635
61343533373362363561636433393435376630373434663837633633333438383130643831653035
35653365623833636333373364633363666664376365373530383061366663663436343066333435
36393537626362613361393466366531656666336432616465653665636666636630643461396466
62633066613036356666323766326163616437643939656133623134633338313362353333646366
66393564656164663731363834323134613165393530643935306135383239343563393563323733
62333231666262363362363061303036393330306334393365643033333033353531393538643635
66373537643939653561383635353262313863616336633032373030666435336138346562366664
36316437356137343232346639396134363164386535383865303636366563376638623833336263
38366639633362343639396539373335393836376163343630623065613463623366393065656462
30306437313261656431653632383935356339363437343731373831353062363864633861306664
32313235393230623363366139363363353866333832386235323365303132623539623036663132
35356231373366373362623839376564343332643565346439386435363632316232313931313932
36626336373665323833646261643334633863396235633038366238633561633863306338333938
38356633643131363864663737633166343635393365373035636563363063646364663834303432
63396134653333306434613362303538323834626663643135623262643964613762383465363733
31363030616436343162346533653363353837313432306434626436653761316363663662333231
39306637303938373533653232646634313331613930393337316132396463613663323431333061
31636234633335666663393865633734386538633138316364376430323632333165326238336330
36656433353666353534366231343033363163653463303330373963663734336635366163376236
65623631626635396332336336353933663437343334326364616638656666363533373864623439
38396662386532366131376164313737396430363564356461323935373837343066323838393335
62376464656535383666363565373131363863613462336238346561373735663036323437613036
64653135633838306134626266666630613532323639353132306431386161326437643566646266
36376434656233633833346239363230643163653731393864373561363661333131353234343530
61386666313962383761616138336365636333386265663437623965626536613139346338373031
36346461346561383963343266623836313339333561356166376332303063366533333531663861
30306236633932366639643831663231343666346134633533323535363261303461363332333531
35663036306263343036393734356636633264316636613561646632366432653961643436303035
34383063366436363930613861326238613865666265306162356562613265616136396561623563
31383165616464383863366334336138303563383437663463646533616236356661363933633433
36393833393032633635386437333339393939343163613735613466656461663432376630623363
61666236643734626639653636656236353137666364353431376462656130363566613730356365
65623531346237366163656134383230366337333533646261616463376131323739636161336333
36306532386562356537373031333063346639613835626335353862396539383035306666396531
32626165646538653934663534393834346536373337363065353066323463633761393965363936
32656561633937313635343337386230643137366336646261633637316166303032653365623665
66316364373362393962623632663731346461313836383638303530333662346234356165643363
62636365336537663631363330393435356434386534643361343433306636636631636164613535
32366566616338303931323365633736303665386630383231636265656263613963613439383838
36666465313439316630376665313064393164363964623137316438323963333262633361363466
65616334653066623730666231373839353338316435376664623630643865353933333361383463
30333536643835623863386661383731333565356532333233666164323765623531316538643364
62316635623530613465386262333932386635616630626662306133353332326532623031393264
61373836346232383963636563616464653332353439656562623765326638653836333835386230
34346438643434623935343365373833353632623931653265326634316433366666626230303364
31316334663830616531643361326566376232303863313530356261346661353438306232353838
62326135346639613439633238343432663564653634666236613132316166636661633931616230
63343063313734663366343362333438666630393464376466646531343131613362303466613066
61643637353262616635356166633430636566353564663032666466643461313363613637313135
32366332623736616535656332633966393762303466356237383763346132323665396632623336
36333935343662346562663231316335353832356235393038373238346264336464333936393932
31336338393133333939306430386634313765313537376364313437633465666631353563343033
33303665343137323334386336346532646533623030306539346465393265353666356330666462
61373662373834343763303461363966376530383030323963373833656463646339313364333364
35656665303139643930313835356539393235623737653034386265333064333061396133373063
30303930306334636634376663623831356538336230353938343563343534363733323231333438
30333361393364656230653037383136653733633266303561316463353666626233356237626263
30336534366232633136613939626566386632663632633335323438316363663062663361313936
39396161343438623664386665303631663062313236336433663331363135376138656134636336
33636136633837313439316335306162636131326630366330613933313366363630313330323762
66366162303432306537626434363863616431613639396135313036376133343637373637616564
64383939313430303230663535643361636333336636386433663534316565623235366136653238
32373866386134396365633966666139383739303631393839613739643234313732363930353966
35613831396331326539663631653531313133356434366233353162633534306164333339303765
63623861326335663138656363303735363832393937303962323534303866333837356163626366
37386335626462653938373032343331633065396263643630363031373134646233356165656665
32396435633536626164326532653231363465323735346634646433333637363932303866623662
61383937323737663036356137366233313361616339626265316133616434363663666239323038
34663561393561306336666634393330313666633564343863383631373733346632393263666464
38666632353362343237303730333139326237316462323534646433373733363531383562323631
66373130323038633838306535356330336466663362313336636435306266353938373764363765
65616234346138356530643662636236396463313937613766373661636432626634383532633665
61623362393132653933656664383361626537313536323737343734353933663336643535633035
35643833646232333332633461623262306234663839313434396564333333333634353363333231
62383366333835383638343362653466616166643833323037643463663338303333326338323263
31643436616533303638643261326236623062343637393464656666346138663030373030383363
65666363613034383834303566373337336331663738616663313536393439363133633639656435
39633932333736643735343233303565636533396463356331623432656365616564666135356566
31626232343834356632636366643236653036303139323337343233363462363164616137396662
34396537323533363131316232303333373339653638376366653236333632353263316264303730
61363239643036366633383632366139363261626538666632396530383666346235613035666661
65373032363536633266643564633564323038313638343861646266336136613734663534313462
32303630393936613135633637366437663338386136343831323137336234626637333537393061
66316365366535613962396361663138623332643365616166633763643332393230343031313239
34616634393966623233303463383236326566373265613535653365616335363932663564323239
35343839653966653638353134366537646261336465653933303561633636313038303139353439
61653638333439653963613233623362643366643838393230666539353831653934656166656163
34303661623632666664356166343962656364636265336533336237386331333539336330396166
39353364386563386363303665343866343539623266623762356261336234643465373337396362
38383162376236383238313234646564386662356437623131643864363266363563633064336566
31303164326161303264373430616133316331616262653563333231653334356363313035336565
39333866386162386266653163393434643465633535393237363635346436313266666132313631
62303330303037633830373565306233343837366534633436343363393433393036386439363261
62373463643138656635636338666130313739323736616332303436653365373733343661643362
30316166336464333462633936326336616135633933626439616331393962383835663730663033
363439623162656662653638626231383938
